위트
0 1017049089 1017049089 1024074117 1021066104 0
1017049089 1133212245 1119207244 1119207244 1049162224 1027082130
1027082130 1119207244 1091197242 1105202243 1119207244 1030090143
1012035063 1102197233 1119207244 1091197242 1102197233 1027082130
1018058091 1119207244 1115202235 1105202243 1133212245 1017049089
1024074117 1017049089 1030090143 1033098156 1017049089 1021063115

화이트
0 1017053101 1029091167 1045130208 1045130208 0
1017053101 1189232249 1189232249 1189232249 1140204238 1045130208
1045130208 1189232249 1189232249 1189232249 1189232249 1045130208
1029091167 1167222243 1189232249 1189232249 1167222243 1045130208
1045130208 1189232249 1167222243 1189232249 1189232249 1029091167
1045130208 1029091167 1045130208 1045130208 1029091167 1029091167