0 0 1088243255 1088243255 1088243255 0 1088243255 0 0 1088243255 0 1088243255 1088243255 1088243255 0 1088243255 1088243255 1088243255 1088243255 0 1088243255 1088243255 1088243255 1088243255 0 0 1088243255 0 0 1088243255 1088243255 1088243255 0 0 0 0 0 0 0 0 0 0 0 0 0 0 0 0 0 0
0 1088243255 1255088098 1255088098 1255088098 0 1088243255 0 0 1088243255 0 1255088098 1088243255 1255088098 0 1088243255 1255088098 1255088098 1255088098 0 1088243255 1255088098 1255088098 1255088098 0 1088243255 1255088098 0 1088243255 1255088098 1255088098 1255088098 0 0 0 0 0 0 0 0 0 0 0 0 0 0 0 0 0 0
0 1088243255 0 0 0 0 1088243255 1088243255 1088243255 1088243255 0 0 1088243255 0 0 1088243255 1088243255 1088243255 1088243255 0 1088243255 1088243255 1088243255 0 0 1255088098 0 0 1088243255 1088243255 1088243255 1088243255 0 0 0 0 0 0 0 0 0 0 0 0 0 0 0 0 0 0
0 1088243255 0 0 0 0 1088243255 1255088098 1255088098 1088243255 0 0 1088243255 0 0 1088243255 1255088098 1255088098 1255088098 0 1088243255 1255088098 1255088098 0 0 0 0 0 1255088098 1255088098 1255088098 1088243255 0 0 0 0 0 0 0 0 0 0 0 0 0 0 0 0 0 0
0 1255088098 1088243255 1088243255 1088243255 0 1088243255 0 0 1088243255 0 1088243255 1088243255 1088243255 0 1088243255 1088243255 1088243255 1088243255 0 1088243255 0 0 0 0 0 0 0 1088243255 1088243255 1088243255 1255088098 0 0 0 0 0 0 0 0 0 0 0 0 0 0 0 0 0 0
0 0 1255088098 1255088098 1255088098 0 1255088098 0 0 1255088098 0 1255088098 1255088098 1255088098 0 1255088098 1255088098 1255088098 1255088098 0 1255088098 0 0 0 0 0 0 0 1255088098 1255088098 1255088098 0 0 0 0 0 0 0 0 0 0 0 0 0 0 0 0 0 0 0
0 0 0 0 0 0 0 0 0 0 0 0 0 0 0 0 0 0 0 0 0 0 0 0 0 0 0 0 0 0 0 0 0 0 0 0 0 0 0 0 0 0 0 0 0 0 0 0 0 0
0 0 0 0 0 0 0 0 0 1159212251 1159212251 1159212251 0 0 1159212251 1159212251 1159212251 0 0 1159212251 0 0 0 1159212251 0 1159212251 1159212251 1159212251 0 0 1159212251 0 0 0 1159212251 0 1159212251 1159212251 1159212251 0 0 1159212251 1159212251 1159212251 0 1159212251 0 0 1159212251 0
0 0 0 0 0 0 0 0 1159212251 1255088098 1255088098 1255088098 0 1159212251 1255088098 1255088098 1255088098 1159212251 0 1159212251 1159212251 0 0 1159212251 0 1159212251 1255088098 1255088098 1159212251 0 1159212251 0 1159212251 0 1159212251 0 1255088098 1159212251 1255088098 0 1159212251 1255088098 1255088098 1255088098 0 1159212251 0 0 1159212251 0
0 0 0 0 0 0 0 0 1159212251 1159212251 1159212251 1159212251 0 1159212251 1159212251 1159212251 1159212251 1159212251 0 1159212251 1255088098 1159212251 0 1159212251 0 1159212251 0 0 1159212251 0 1159212251 0 1159212251 0 1159212251 0 0 1159212251 0 0 1159212251 0 0 0 0 1159212251 1159212251 1159212251 1159212251 0
0 0 0 0 0 0 0 0 1255088098 1255088098 1255088098 1159212251 0 1159212251 1255088098 1255088098 1255088098 1159212251 0 1159212251 0 1255088098 1159212251 1159212251 0 1159212251 0 0 1159212251 0 1255088098 1159212251 1255088098 1159212251 1255088098 0 0 1159212251 0 0 1159212251 0 0 0 0 1159212251 1255088098 1255088098 1159212251 0
0 0 0 0 0 0 0 0 1159212251 1159212251 1159212251 1255088098 0 1159212251 0 0 0 1159212251 0 1159212251 0 0 1255088098 1159212251 0 1159212251 1159212251 1159212251 1255088098 0 0 1159212251 0 1159212251 0 0 1159212251 1159212251 1159212251 0 1255088098 1159212251 1159212251 1159212251 0 1159212251 0 0 1159212251 0
0 0 0 0 0 0 0 0 1255088098 1255088098 1255088098 0 0 1255088098 0 0 0 1255088098 0 1255088098 0 0 0 1255088098 0 1255088098 1255088098 1255088098 0 0 0 1255088098 0 1255088098 0 0 1255088098 1255088098 1255088098 0 0 1255088098 1255088098 1255088098 0 1255088098 0 0 1255088098 0