햄
0 0 0 0 0 0
0 0 0 1058065187 1054061175 0
0 1054061175 1065072196 1104118219 1092107216 1050057163
1054061175 1104118219 1065072196 1092107216 1068085210 1054061175
1065072196 1092107216 1104118219 1054061175 1058066187 0
0 1058065187 1054061175 0 0 0

치킨
0 0 0 0 0 0
0 0 1017089186 1022105209 0 0
0 1022105209 1015130232 1020154241 1017089186 0
1017089186 1015130232 1020154241 1020154241 1025171244 1022105209
0 1022105209 1020154241 1025171244 1017089186 0
0 0 1017089186 1022105209 0 0

새우
0 0 0 0 0 0
0 1111169255 1127175245 1111169255 0 0
1127175245 1174210248 1164200245 1174210248 1127175245 0
1111169255 1164200245 0 0 1142211249 1127175245
1127175245 1111169255 0 1111169255 1127175245 0
0 0 0 0 0 0

아직없음
0 0 0 0 0 0
0 0 0 0 0 0
0 0 0 0 0 0
0 0 0 0 0 0
0 0 0 0 0 0
0 0 0 0 0 0

아직없음
0 0 0 0 0 0
0 0 0 0 0 0
0 0 0 0 0 0
0 0 0 0 0 0
0 0 0 0 0 0
0 0 0 0 0 0
