소금
0 1255255255 0 0 0 0
0 0 0 1255255255 0 0
0 1255255255 0 0 0 1255255255
0 0 0 1255255255 0 0
1255255255 0 0 0 0 0
0 0 1255255255 0 0 1255255255

후추
0 0 1000000000 0 0 0
1082082082 0 0 0 1039039039 0
0 0 0 1000000000 0 0
0 1039039039 0 0 0 1082082082
0 0 0 1039039039 0 0
0 1000000000 0 0 0 0

머스타드
0 0 0 0 0 0
1034180225 0 0 1034180225 0 0
0 1034180225 0 0 1034180225 0
1034180225 0 0 1034180225 0 0
0 1034180225 0 0 1034180225 0
0 0 1034180225 0 0 1034180225

스위트칠리
0 1071120255 0 0 0 0
0 0 1071120255 0 1037083212 0
0 1071120255 0 0 0 1071120255
0 0 1037083212 0 0 0
1071120255 0 0 1071120255 0 0
0 1037083212 0 0 1037083212 0

랜치
0 1029082032 0 0 1168219171 0
1168219171 0 0 1029082032 0 0
0 0 1168219171 0 0 0
0 1168219171 0 0 0 1168219171
0 0 1029082032 0 1029082032 0
0 1168219171 0 0 1168219171 0