양상추
0 1124244218 1124244218 0 0 0
1124244218 1176253239 1176253239 1124244218 0 0
1124244218 1176253239 1176253239 1176253239 1124244218 0
0 1124244218 1176253239 1176253239 1124244218 0
0 0 1124244218 1124244218 0 0
0 0 0 0 0 0

토마토
0 1048066212 1048066212 1063079211 0 0
1048066212 1097177243 1078103235 1047064172 1063079211 0
1063079211 1078103235 1087111236 1078103235 1048066212 0
1063079211 1047064172 1078103235 1047064172 1048066212 0
0 1048066212 1063079211 1063079211 0 0
0 0 0 0 0 0

양파
0 0 0 0 0 0
0 0 1201151190 1201151190 1201134186 0
0 1201134186 1227217232 1227217232 1220203230 1201134186
0 1201134186 1220203230 1168111152 1220203230 1201151190
0 1201151190 1220203230 1220203230 1227217232 1201134186
0 0 1201134186 1201134186 1201151190 0

오이
0 0 0 1098179128 1080155103 0
0 1080155103 1080155103 1156227210 1180225214 1098179128
1080155103 1156227210 1098179128 1180225214 1156227210 1080155103
1098179128 1180225214 1156227210 1098179128 1080155103 0
0 1098179128 1080155103 0 0 0
0 0 0 0 0 0

피클
0 0 1028077049 1034085056 0 0
0 1028077049 1076161128 1060146113 1034085056 0
0 1034085056 1060146113 1034085056 1028077049 0
0 0 1028077049 1076161128 1060146113 1028077049
0 0 1034085056 1060146113 1076161128 1034085056
0 0 0 1034085056 1028077049 0